length=[1498.63, 118;
1490.25, 675;
1463.14, 10437;
1439.06, 10492;
1374.38, 10543;
1361.9, 10595;
1323.58, 10646;
1308.75, 10749;
1305.02, 11144;
1301.85, 11785;
];
timeEval = 11786;
timeLKH = 4566;
timeRRTs = 4;
timeDistEval = 375;
timeDBS = 5814;
