inspectionPath = [25, 25, -55, 0, 0, 0;
44.3607, 0.130275, 54.3195, 0, 0, -2.94159;
44.3607, 0.130275, 54.3195, 0, 0, -2.94159;
33.8438, -11, 55.0289, 0, 0, 1.85841;
33.8438, -11, 55.0289, 0, 0, 1.85841;
31.7797, -11.4752, 56.9098, 0, 0, 1.85841;
31.7797, -11.4752, 56.9098, 0, 0, 1.85841;
29.761, -11.7318, 58.1537, 0, 0, 1.45841;
29.761, -11.7318, 58.1537, 0, 0, 1.45841;
27.7167, -11.9422, 60.021, 0, 0, 1.85841;
27.7167, -11.9422, 60.021, 0, 0, 1.85841;
25.7799, -11.9312, 61.2318, 0, 0, 1.45841;
25.7799, -11.9312, 61.2318, 0, 0, 1.45841;
23.822, -11.9909, 62.7091, 0, 0, 1.85841;
23.822, -11.9909, 62.7091, 0, 0, 1.85841;
21.7404, -12.0598, 64.2419, 0, 0, 1.45841;
21.7404, -12.0598, 64.2419, 0, 0, 1.45841;
19.6367, -12.1136, 65.8605, 0, 0, 1.65841;
19.6367, -12.1136, 65.8605, 0, 0, 1.65841;
17.5612, -12.1411, 67.3165, 0, 0, 1.85841;
17.5612, -12.1411, 67.3165, 0, 0, 1.85841;
15.4806, -12.1849, 68.768, 0, 0, 1.85841;
15.4806, -12.1849, 68.768, 0, 0, 1.85841;
13.3998, -12.2132, 70.0946, 0, 0, 1.45841;
13.3998, -12.2132, 70.0946, 0, 0, 1.45841;
11.4366, -12.1805, 71.708, 0, 0, 1.85841;
11.4366, -12.1805, 71.708, 0, 0, 1.85841;
9.43575, -12.0861, 72.9712, 0, 0, 1.45841;
9.43575, -12.0861, 72.9712, 0, 0, 1.45841;
7.55498, -11.9331, 74.7264, 0, 0, 1.65841;
7.55498, -11.9331, 74.7264, 0, 0, 1.65841;
5.59141, -11.7466, 75.7499, 0, 0, 1.85841;
5.59141, -11.7466, 75.7499, 0, 0, 1.85841;
4.67949, -11, 79.4068, 0, 0, 1.65841;
4.67949, -11, 79.4068, 0, 0, 1.65841;
13.3677, -2.59866, 83.046, 0, 0, 2.85841;
13.3677, -2.59866, 83.046, 0, 0, 2.85841;
13.9235, -2.19489, 85.0085, 0, 0, 2.85841;
13.9235, -2.19489, 85.0085, 0, 0, 2.85841;
14.3884, -2.15863, 86.97, 0, 0, 2.85841;
14.3884, -2.15863, 86.97, 0, 0, 2.85841;
14.7558, -2.02645, 88.4179, 0, 0, 2.85841;
14.7558, -2.02645, 88.4179, 0, 0, 2.85841;
14.598, -1.85304, 91.9623, 0, 0, 2.85841;
14.598, -1.85304, 91.9623, 0, 0, 2.85841;
14.2769, -1.53568, 94.5794, 0, 0, 2.85841;
14.2769, -1.53568, 94.5794, 0, 0, 2.85841;
14.0209, -1.21342, 97.182, 0, 0, 2.85841;
14.0209, -1.21342, 97.182, 0, 0, 2.85841;
13.8374, -0.900393, 99.7665, 0, 0, 2.85841;
13.8374, -0.900393, 99.7665, 0, 0, 2.85841;
13.7266, -0.592962, 102.333, 0, 0, 2.85841;
13.7266, -0.592962, 102.333, 0, 0, 2.85841;
13.6808, -0.290425, 104.885, 0, 0, 2.85841;
13.6808, -0.290425, 104.885, 0, 0, 2.85841;
13.6864, 0.00647929, 107.423, 0, 0, 3.05841;
13.6864, 0.00647929, 107.423, 0, 0, 3.05841;
13.7116, 0.308114, 109.891, 0, 0, 3.05841;
13.7116, 0.308114, 109.891, 0, 0, 3.05841;
13.6977, 0.641972, 112.506, 0, 0, 3.05841;
13.6977, 0.641972, 112.506, 0, 0, 3.05841;
13.59, 1.03505, 114.672, 0, 0, 3.05841;
13.59, 1.03505, 114.672, 0, 0, 3.05841;
13.1091, 1.64585, 117.777, 0, 0, 3.05841;
13.1091, 1.64585, 117.777, 0, 0, 3.05841;
12, 2.6201, 118.164, 0, 0, -2.94159;
12, 2.6201, 118.164, 0, 0, -2.94159;
3.34616, 11, 117.499, 0, 0, -1.94159;
3.34616, 11, 117.499, 0, 0, -1.94159;
1.2602, 13.1672, 116.74, 0, 0, -1.74159;
1.2602, 13.1672, 116.74, 0, 0, -1.74159;
1.47421, 13.9659, 112.811, 0, 0, -1.54159;
1.47421, 13.9659, 112.811, 0, 0, -1.54159;
1.48724, 13.9206, 112.07, 0, 0, -1.54159;
1.48724, 13.9206, 112.07, 0, 0, -1.54159;
1.29957, 13.5741, 109.595, 0, 0, -1.74159;
1.29957, 13.5741, 109.595, 0, 0, -1.74159;
1.14016, 13.3626, 107.082, 0, 0, -1.74159;
1.14016, 13.3626, 107.082, 0, 0, -1.74159;
0.955779, 13.191, 104.558, 0, 0, -1.74159;
0.955779, 13.191, 104.558, 0, 0, -1.74159;
0.742952, 13.0785, 102.02, 0, 0, -1.74159;
0.742952, 13.0785, 102.02, 0, 0, -1.74159;
0.488227, 13.0195, 99.4732, 0, 0, -1.74159;
0.488227, 13.0195, 99.4732, 0, 0, -1.74159;
0.183651, 13.0122, 96.92, 0, 0, -1.74159;
0.183651, 13.0122, 96.92, 0, 0, -1.74159;
-0.173842, 13.053, 94.3606, 0, 0, -1.54159;
-0.173842, 13.053, 94.3606, 0, 0, -1.54159;
-0.629815, 13.0482, 92.0206, 0, 0, -1.54159;
-0.629815, 13.0482, 92.0206, 0, 0, -1.54159;
-1.19879, 12.938, 89.0752, 0, 0, -1.54159;
-1.19879, 12.938, 89.0752, 0, 0, -1.54159;
-2.18071, 12.3152, 87.3985, 0, 0, -1.54159;
-2.18071, 12.3152, 87.3985, 0, 0, -1.54159;
-3.57501, 11, 82.6795, 0, 0, -1.34159;
-3.57501, 11, 82.6795, 0, 0, -1.34159;
-12.8047, 1.89511, 82.8806, 0, 0, -0.341593;
-12.8047, 1.89511, 82.8806, 0, 0, -0.341593;
-13.1385, 1.92227, 84.7131, 0, 0, -0.341593;
-13.1385, 1.92227, 84.7131, 0, 0, -0.341593;
-13.2263, 1.81006, 87.1866, 0, 0, -0.341593;
-13.2263, 1.81006, 87.1866, 0, 0, -0.341593;
-13.3363, 1.71086, 89.6652, 0, 0, -0.341593;
-13.3363, 1.71086, 89.6652, 0, 0, -0.341593;
-13.4774, 1.61862, 92.1483, 0, 0, -0.341593;
-13.4774, 1.61862, 92.1483, 0, 0, -0.341593;
-13.6583, 1.52723, 94.6336, 0, 0, -0.341593;
-13.6583, 1.52723, 94.6336, 0, 0, -0.341593;
-13.8902, 1.45192, 97.1144, 0, 0, -0.341593;
-13.8902, 1.45192, 97.1144, 0, 0, -0.341593;
-14.1817, 1.41944, 99.5824, 0, 0, -0.341593;
-14.1817, 1.41944, 99.5824, 0, 0, -0.341593;
-14.5528, 1.57434, 102.01, 0, 0, 0.0584073;
-14.5528, 1.57434, 102.01, 0, 0, 0.0584073;
-14.7243, 1.83636, 103.304, 0, 0, 0.0584073;
-14.7243, 1.83636, 103.304, 0, 0, 0.0584073;
-14.4664, 1.60162, 106.759, 0, 0, -0.341593;
-14.4664, 1.60162, 106.759, 0, 0, -0.341593;
-14.0881, 1.52771, 109.439, 0, 0, 0.0584073;
-14.0881, 1.52771, 109.439, 0, 0, 0.0584073;
-13.7931, 1.65483, 112.129, 0, 0, 0.0584073;
-13.7931, 1.65483, 112.129, 0, 0, 0.0584073;
-13.5109, 1.82394, 114.651, 0, 0, 0.0584073;
-13.5109, 1.82394, 114.651, 0, 0, 0.0584073;
-13.3622, 2.0445, 117.771, 0, 0, 0.0584073;
-13.3622, 2.0445, 117.771, 0, 0, 0.0584073;
-12.5471, 2.77365, 118.175, 0, 0, -0.141593;
-12.5471, 2.77365, 118.175, 0, 0, -0.141593;
-3.34616, -11, 117.679, 0, 0, 1.25841;
-3.34616, -11, 117.679, 0, 0, 1.25841;
-1.14788, -12.7481, 117.388, 0, 0, 1.45841;
-1.14788, -12.7481, 117.388, 0, 0, 1.45841;
-1.2934, -13.2911, 114.885, 0, 0, 1.45841;
-1.2934, -13.2911, 114.885, 0, 0, 1.45841;
-1.43881, -13.7548, 112.115, 0, 0, 1.65841;
-1.43881, -13.7548, 112.115, 0, 0, 1.65841;
-1.4699, -14, 108.483, 0, 0, 1.65841;
-1.4699, -14, 108.483, 0, 0, 1.65841;
-1.48334, -14, 107.053, 0, 0, 1.45841;
-1.48334, -14, 107.053, 0, 0, 1.45841;
-1.48334, -14, 104.551, 0, 0, 1.45841;
-1.48334, -14, 104.551, 0, 0, 1.45841;
-1.48667, -14, 102.052, 0, 0, 1.65841;
-1.48667, -14, 102.052, 0, 0, 1.65841;
-1.48334, -14, 99.5168, 0, 0, 1.45841;
-1.48334, -14, 99.5168, 0, 0, 1.45841;
-2.00626, -14, 96.9825, 0, 0, 1.45841;
-2.00626, -14, 96.9825, 0, 0, 1.45841;
-2.35751, -14, 93.1754, 0, 0, 1.25841;
-2.35751, -14, 93.1754, 0, 0, 1.25841;
-1.48334, -14, 92.0526, 0, 0, 1.45841;
-1.48334, -14, 92.0526, 0, 0, 1.45841;
-1.48334, -14, 89.5515, 0, 0, 1.45841;
-1.48334, -14, 89.5515, 0, 0, 1.45841;
-1.49143, -14, 87.0515, 0, 0, 1.65841;
-1.49143, -14, 87.0515, 0, 0, 1.65841;
-1.48334, -14, 84.4268, 0, 0, 1.45841;
-1.48334, -14, 84.4268, 0, 0, 1.45841;
-3.43175, -13.9781, 81.8224, 0, 0, 1.45841;
-3.43175, -13.9781, 81.8224, 0, 0, 1.45841;
-5.3509, -13.9305, 79.3211, 0, 0, 1.65841;
-5.3509, -13.9305, 79.3211, 0, 0, 1.65841;
-7.58359, -14, 76.1408, 0, 0, 1.65841;
-7.58359, -14, 76.1408, 0, 0, 1.65841;
-8.14888, -13.8836, 75.1776, 0, 0, 1.45841;
-8.14888, -13.8836, 75.1776, 0, 0, 1.45841;
-10.7352, -13.4301, 73.5445, 0, 0, 1.45841;
-10.7352, -13.4301, 73.5445, 0, 0, 1.45841;
-12.5013, -13.1746, 72.0109, 0, 0, 1.65841;
-12.5013, -13.1746, 72.0109, 0, 0, 1.65841;
-14.2961, -12.9152, 70.4953, 0, 0, 1.45841;
-14.2961, -12.9152, 70.4953, 0, 0, 1.45841;
-16.0833, -12.6644, 68.934, 0, 0, 1.65841;
-16.0833, -12.6644, 68.934, 0, 0, 1.65841;
-17.8512, -12.4303, 67.348, 0, 0, 1.45841;
-17.8512, -12.4303, 67.348, 0, 0, 1.45841;
-19.6093, -12.2228, 65.7452, 0, 0, 1.65841;
-19.6093, -12.2228, 65.7452, 0, 0, 1.65841;
-21.4794, -12.0685, 64.1758, 0, 0, 1.85841;
-21.4794, -12.0685, 64.1758, 0, 0, 1.85841;
-23.4642, -11.9713, 62.645, 0, 0, 1.45841;
-23.4642, -11.9713, 62.645, 0, 0, 1.45841;
-25.553, -11.9299, 61.1459, 0, 0, 1.45841;
-25.553, -11.9299, 61.1459, 0, 0, 1.45841;
-27.6189, -11.9243, 59.6508, 0, 0, 1.65841;
-27.6189, -11.9243, 59.6508, 0, 0, 1.65841;
-29.617, -11.8975, 57.9415, 0, 0, 1.45841;
